1.6
0.0
0.0
0.1
0.5
0.8
0.5
-0.1
0.0
1.9
3.3
3.4
0.2
1.5
1.2
-0.1
-0.2
0.2
0.4
0.6
0.7
0.6
0.7
2.4
2.0
2.4
2.7
3.1
3.8
6.6
4.4
5.0
5.8
1.5
4.1
1.2
-0.8
0.3
0.5
-0.3
-0.6
-0.7
-0.7
-0.1
-0.8
-0.3
-0.8
0.0
3.2
3.1
2.7
2.8
3.2
3.8
5.7
5.6
5.6
6.3
7.0
4.8
7.6
6.6
6.5
6.8
8.1
8.0
6.2
9.0
9.5
9.4
7.8
7.2
8.5
7.3
6.9
6.6
6.4
6.5
7.1
8.2
8.4
8.4
8.2
6.8
8.8
4.2
5.2
6.1
7.4
8.1
8.4
8.6
9.3
9.3
8.8
8.5
7.9
7.8
7.1
6.7
6.6
5.8
5.6
5.3
4.8
7.8
6.2
4.8
7.6
7.1
6.4
6.3
6.4
6.3
6.3
6.2
6.3
6.4
6.5
7.3
6.5
6.1
5.9
5.8
6.5
5.2
5.3
5.2
5.4
5.8
6.3
5.7
5.6
4.5
4.6
4.6
5.1
5.1
5.8
5.8
5.8
6.0
6.0
5.0
2.2
2.6
3.3
2.9
3.9
4.6
5.7
6.1
7.2
7.9
7.9
7.0
5.6
8.1
5.5
4.5
5.5
3.6
4.0
3.4
3.0
2.7
2.9
3.5
3.4
3.0
3.2
2.9
2.9
1.0
1.1
1.4
0.9
3.6
1.1
3.9
3.1
3.8
3.5
3.0
2.4
3.3
3.3
2.5
3.3
3.0
2.0
4.3
2.1
4.0
3.7
2.4
1.8
1.7
1.3
1.2
1.1
1.7
1.4
1.7
2.1
2.4
1.1
1.4
1.4
2.1
2.6
1.6
1.8
1.7
1.5
1.9
2.9
1.0
1.4
1.4
1.5
1.4
1.9
1.6
2.2
2.9
3.3
2.7
1.9
2.5
2.1
2.2
2.0
1.9
2.0
1.6
1.7
1.9
2.2
1.6
1.0
1.5
1.6
0.9
0.9
1.7
0.5
0.6
0.4
0.4
0.7
2.2
-0.4
1.3
0.4
-0.1
0.2
0.4
0.4
0.3
0.8
0.2
0.0
1.7
1.6
1.3
1.0
0.6
0.4
-0.2
0.2
0.1
-0.1
2.7
0.4
1.2
-0.2
0.2
0.1
-0.1
0.0
0.0
0.5
-0.3
-0.1
0.1
0.1
0.2
3.1
3.0
2.2
1.0
0.7
2.0
1.8
1.9
2.0
4.7
1.3
5.0
2.6
1.2
-0.7
-0.7
-0.9
-1.2
-0.5
-1.9
-2.2
-2.1
-1.5
-1.6
2.3
2.0
2.1
2.0
1.6
0.6
1.6
2.7
3.1
2.4
2.0
1.9
1.4
2.0
1.6
1.4
1.0
0.8
1.7
0.7
0.6
0.6
1.0
0.7
2.4
1.5
1.6
1.9
1.9
1.6
1.0
1.7
2.0
2.5
2.8
1.8
2.0
2.0
1.7
1.0
0.9
0.0
2.7
0.3
0.8
1.0
1.2
-0.2
6.5
6.2
6.3
6.1
6.2
5.9
5.8
5.0
4.6
6.0
6.2
4.3
6.1
6.1
4.7
4.3
3.9
3.7
3.5
3.2
3.1
3.0
2.5
5.6
0.4
0.4
0.2
-0.5
-0.2
-0.4
-0.9
-0.8
-0.6
-0.6
-0.5
-0.9
-0.6
3.9
2.3
1.2
0.4
0.0
-0.2
-1.0
-1.1
-1.4
-1.2
-0.6
4.2
4.0
4.0
3.8
3.7
3.9
4.3
4.4
4.4
4.3
3.9
4.2
3.1
-0.4
-0.4
-0.5
-0.4
0.1
3.7
0.6
0.8
1.2
2.2
0.5
1.4
2.2
2.6
2.0
1.0
0.1
-0.3
-0.9
-0.9
1.6
0.3
-1.1
1.8
1.5
1.8
4.3
4.2
4.2
4.1
2.2
1.3
0.7
0.6
2.8
6.6
3.0
3.9
5.3
6.1
6.6
6.6
6.6
6.6
2.2
6.7
6.7
1.5
-0.3
-1.3
-1.4
-1.0
-1.4
0.2
-1.0
-1.3
-1.5
-0.9
-1.2
3.0
6.2
6.6
6.3
6.2
6.0
5.8
5.5
4.8
3.1
2.5
5.6
1.2
6.6
5.8
4.9
5.3
5.0
2.1
4.2
3.8
3.4
2.3
4.7
7.4
7.1
8.4
7.5
6.3
5.0
4.5
4.2
3.9
6.9
5.9
3.1
8.4
6.1
5.9
6.2
6.2
6.1
5.8
5.6
5.3
5.6
5.6
8.2
7.4
6.9
6.4
5.4
7.0
5.1
4.8
4.6
4.5
5.1
5.8
5.6
3.8
2.3
2.1
1.8
1.2
0.2
2.5
-0.4
-0.6
-0.3
1.8
4.2
10.4
10.2
7.5
5.5
4.8
4.9
4.8
5.1
5.2
11.3
4.9
11.4
10.1
8.0
3.9
4.2
4.0
4.0
4.2
2.8
3.3
4.5
7.5
3.6
5.2
5.2
5.0
4.8
5.3
5.4
5.3
5.6
5.6
5.8
5.4
5.2
5.6
5.2
5.3
5.2
4.8
4.6
5.5
4.6
4.4
4.7
4.9
4.5
0.0
-0.4
-0.5
-0.6
-0.6
-0.7
-0.6
-0.7
-0.5
-0.4
0.1
-0.4
-0.3
3.6
3.0
2.1
1.6
0.0
-0.2
-1.2
-1.6
-1.7
-0.5
-0.5
1.1
0.9
0.5
0.2
-0.3
-0.7
-0.5
-1.1
-1.6
1.2
-0.6
-1.3
0.8
0.2
-0.1
-0.4
-0.5
-0.5
-0.5
-0.6
-0.5
-0.4
-0.4
0.7
4.2
4.8
3.8
1.4
3.9
2.2
1.7
2.3
1.1
2.0
4.9
1.1
4.0
-1.7
-1.7
-1.9
-1.3
0.2
4.3
-0.9
0.3
0.1
1.8
-0.3
0.5
0.6
1.1
1.4
1.2
1.4
5.7
6.4
4.3
3.8
3.1
0.4
2.3
0.9
0.6
-0.5
-0.4
0.1
4.8
1.0
-0.3
0.3
1.6
0.4
2.2
2.6
1.5
1.4
1.1
1.0
1.4
1.4
0.9
1.2
1.0
0.8
1.1
0.3
0.9
0.4
0.4
0.7
0.6
0.3
0.0
-0.2
0.4
0.4
0.9
7.4
7.7
7.3
6.5
3.1
4.0
2.7
2.4
7.3
5.2
1.4
5.9
3.2
0.9
0.6
-0.1
-0.6
4.2
-0.3
-0.5
0.1
1.1
-1.2
0.0
-2.5
-2.4
-2.5
-3.4
-2.8
-2.4
-1.4
-0.3
-0.7
-0.5
-2.5
-1.0
0.8
0.6
0.7
0.6
0.5
-0.7
-0.4
-0.7
-0.8
-0.8
-0.1
-1.6
-2.3
-2.4
-2.6
-2.8
-3.3
-3.4
-3.5
-3.5
-1.7
-3.1
-3.5
-1.4
-2.7
-3.6
-4.7
-5.2
-5.6
-6.0
-5.3
-3.7
-3.5
-3.6
-2.1
-2.3
-2.6
-2.8
-3.0
-2.1
-5.4
-4.5
-4.6
-4.0
-4.6
-2.9
-3.3
-3.1
-3.5
-3.5
-3.5
-3.5
-3.4
-3.2
-3.5
-3.5
-3.7
-3.2
-3.3
-2.7
-2.6
-2.3
-2.3
-2.2
-1.5
-0.7
-0.2
0.4
0.2
-0.1
-0.4
-1.3
-0.8
-3.2
-2.5
-2.4
-2.3
-3.2
-1.9
-2.0
-1.9
-1.8
-2.0
-2.1
-2.4
-2.6
-2.4
-2.2
-1.6
-1.2
-0.9
-1.1
-2.4
-1.9
-2.8
-3.4
-3.2
-3.1
-3.3
-3.6
-3.8
-3.0
-3.9
-3.9
-3.9
-3.4
-3.9
-1.9
-6.9
-6.9
-6.9
-6.7
-6.4
-5.3
-4.8
-6.8
-3.1
-0.9
-3.7
0.9
-0.6
0.0
-0.1
0.1
-0.1
-0.3
0.5
0.4
0.9
0.8
0.4
-7.6
-7.9
-7.3
-7.2
-7.0
-6.9
-6.5
-6.5
-6.1
-6.2
-6.3
-7.4
-6.6
-6.7
-6.6
-6.6
-6.7
-6.7
-6.4
-6.6
-6.7
-6.6
-6.5
-6.6
-5.4
-5.3
-5.4
-5.6
-5.6
-5.5
-5.7
-5.7
-5.8
-5.0
-5.5
-6.0
-5.4
-6.4
-5.7
-7.3
-7.2
-7.3
-7.2
-7.1
-7.1
-7.0
-6.8
-7.2
-4.7
-1.3
-1.5
-1.7
-1.8
-3.8
-3.8
-3.9
-4.4
-1.9
-3.5
-4.7
-1.6
-5.0
-5.9
-6.0
-5.9
-6.0
-3.5
-5.6
-5.5
-5.8
-5.4
-5.9
-6.3
-6.2
-6.8
-7.7
-5.9
-5.0
-4.8
-4.3
-3.5
-3.4
-4.1
-3.9
-4.6
-4.0
-4.9
-4.9
-4.8
-4.9
-4.8
-4.8
-5.0
-5.0
-4.9
-4.8
1.6
1.5
0.8
-0.1
-0.1
-1.4
-0.5
-1.0
-1.2
2.3
-0.3
2.4
-5.2
1.2
2.0
-6.8
-6.1
-4.5
-6.8
-2.1
-0.3
0.1
0.0
-3.6
-3.3
-3.6
-3.1
-4.2
-5.8
-5.9
-6.8
-6.7
-7.2
-3.7
-5.8
-7.2
-3.7
-4.2
-1.6
-2.7
-2.9
-3.5
-3.7
-3.7
-4.2
-4.6
-4.5
-3.3
-2.2
-3.1
-2.9
-3.0
-3.2
-3.5
-3.7
-3.9
-1.4
-1.3
-1.9
-2.9
-4.4
-8.4
-7.5
-8.8
-9.2
-9.3
-2.7
-10.9
-10.8
-7.0
-3.6
-9.9
0.6
0.5
0.7
0.4
0.3
-1.0
-1.0
0.0
0.6
0.1
0.0
2.4
-0.5
-2.1
-4.7
-7.1
-5.5
-5.1
-4.3
-3.6
-3.6
-3.4
-3.3
-1.9
7.7
7.5
6.7
6.2
7.9
5.5
5.9
5.7
6.0
5.8
8.5
6.4
4.9
2.0
2.1
2.4
2.6
3.0
6.2
3.2
3.3
3.6
4.5
3.0
6.8
5.1
5.2
5.3
5.9
6.1
7.0
7.6
7.9
9.3
7.5
9.1
6.0
6.4
5.9
6.1
6.2
6.2
6.0
6.1
6.0
5.9
5.5
5.6
3.8
3.9
2.2
1.9
1.4
1.2
0.4
0.0
-0.2
5.1
1.4
3.8
6.8
5.1
5.9
5.7
5.8
5.9
6.9
7.0
7.0
7.2
6.9
4.7
0.8
-1.3
0.7
-0.1
-1.2
1.7
-2.0
-2.6
-3.1
0.9
-1.7
0.0
-0.4
-0.6
-0.6
-0.8
-1.1
-1.2
-0.6
-1.3
-1.3
-0.5
-0.5
-1.3
3.2
-1.7
-1.6
-1.2
0.1
-0.6
1.1
2.2
2.9
3.8
1.6
-0.5
-1.8
0.0
-4.8
-5.7
-3.9
-5.2
-3.7
-6.5
-5.0
-4.4
-3.7
-5.8
1.1
0.6
-0.2
-0.9
-1.6
-1.6
-1.7
-1.9
0.9
-2.3
-1.4
0.9
-1.0
0.0
0.2
0.0
-1.5
-1.5
-1.2
-1.4
-1.5
-1.5
-1.7
0.7
-4.4
-4.5
-4.1
-4.7
-4.1
-4.3
-4.1
-4.2
-4.4
-5.0
-4.7
-5.4
-4.5
-6.3
-6.6
-6.9
-7.3
-6.6
-6.0
-5.4
-4.8
-5.8
-3.9
-2.9
-5.8
-5.8
-5.8
-6.0
-6.1
-6.7
-6.4
-6.6
-6.7
-5.7
-6.3
-5.9
-6.0
-6.0
-4.9
-5.1
-5.3
-5.5
-4.6
-5.9
-6.0
-6.1
-6.0
-5.7
-3.4
-6.2
-6.0
-5.9
-5.6
-5.2
-4.9
-4.6
-3.6
-3.2
-4.9
-6.4
-5.5
-6.7
-6.7
-6.8
-6.9
-7.0
-5.2
-7.0
-7.1
-7.0
-6.4
-6.9
3.5
-4.1
-4.3
-3.9
-3.2
-2.0
0.2
2.4
1.8
3.8
2.8
-4.4
-1.5
-6.8
-6.8
-6.7
-6.7
-6.7
0.6
-6.9
-6.7
-5.8
-2.8
-6.7
-5.8
-5.7
-5.8
-5.2
-5.5
-7.8
-8.4
-9.4
-10.4
-5.6
-6.6
-10.1
-5.3
-4.7
-4.9
-5.0
-4.9
-4.9
-5.1
-4.9
-4.8
-4.5
-4.6
-5.2
-6.8
-6.7
-7.7
-8.8
-6.7
-11.0
-11.7
-12.2
-12.8
-10.3
-8.3
-13.4
-10.5
-8.9
-10.7
-11.1
-12.2
-12.3
-11.3
-13.4
-13.6
-12.4
-11.1
-12.9
-9.0
-7.6
-7.8
-8.0
-11.4
-14.4
-8.1
-13.1
-13.6
-14.1
-12.5
-8.6
-16.2
-11.6
-13.8
-14.5
-14.7
-17.0
-9.6
-16.9
-17.1
-15.1
-14.2
-16.3
-3.4
-2.1
-2.5
-2.4
-3.0
-3.3
-3.2
-3.3
-3.3
-3.3
-6.3
-1.7
-9.2
-14.3
-14.0
-13.9
-14.0
-14.5
-8.2
-14.8
-13.1
-11.8
-11.3
-14.9
4.7
3.9
3.7
2.9
2.8
2.1
2.3
2.4
2.7
4.7
2.3
2.9
3.4
2.6
0.8
0.4
0.2
-0.2
-0.7
-0.4
-0.9
-1.0
-1.9
2.9
3.4
3.9
2.6
1.1
2.4
0.5
0.0
0.4
1.1
0.8
1.7
0.9
3.0
-0.4
-0.2
-0.3
-0.3
-0.2
-0.1
1.8
3.2
2.9
3.6
0.0
6.4
5.9
6.5
5.8
2.2
2.0
2.5
1.8
5.8
3.2
5.0
2.1
2.7
4.0
1.4
1.4
1.7
1.3
1.3
1.7
1.8
1.5
1.6
1.7
6.0
3.3
2.7
2.0
1.8
1.9
1.5
1.5
7.5
0.9
2.0
8.6
4.1
6.8
4.9
3.8
2.8
2.6
2.8
3.7
2.9
2.1
2.0
7.4
3.6
4.7
6.4
4.7
3.0
4.4
2.4
2.0
1.9
1.7
2.8
5.2
0.5
4.0
-0.5
1.0
1.1
1.2
5.0
1.5
1.8
2.2
3.0
1.2
5.5
-0.7
-0.4
-0.7
-0.4
-0.4
3.7
4.6
5.5
4.9
6.1
5.1
2.1
4.5
2.1
1.9
1.6
1.6
1.7
1.4
1.5
2.5
3.4
1.4
1.5
3.0
2.6
2.1
1.0
1.6
-0.1
0.0
-0.1
-1.0
0.5
2.0
-0.9
0.8
0.0
-0.6
-1.7
-1.3
-1.1
-1.4
-1.2
-1.1
-1.0
0.9
8.7
8.5
7.8
6.1
4.4
4.2
3.1
3.0
3.7
10.1
3.7
8.1
-1.3
5.4
-0.5
-0.7
-1.0
-1.4
7.5
-2.3
-0.4
1.9
3.3
-1.8
8.7
5.6
5.6
5.6
5.6
5.8
6.2
6.6
8.2
8.6
5.7
10.3
9.6
10.3
4.0
3.4
4.3
4.3
4.0
4.5
4.3
5.5
8.2
4.6
9.3
10.3
10.6
12.2
8.8
10.3
7.9
8.2
8.0
7.9
7.8
7.8
10.8
8.0
5.9
5.6
5.7
5.5
9.5
6.2
6.3
6.4
7.4
5.4
13.0
3.8
4.1
3.3
3.9
4.5
5.0
5.0
7.4
11.0
12.8
12.6
7.8
11.9
7.4
7.3
7.5
7.6
7.4
8.1
8.4
9.6
10.3
7.8
2.8
4.4
3.9
3.5
2.2
5.3
0.3
0.3
0.4
0.4
1.1
4.3
4.0
4.8
3.6
3.7
2.9
2.8
2.8
3.1
3.4
3.6
4.4
5.0
7.2
7.4
5.6
4.4
3.1
-0.7
0.1
-0.4
-0.4
6.5
1.6
5.7
4.3
3.9
0.1
-0.1
-0.3
-0.1
0.3
-0.3
0.4
1.1
2.5
0.1
11.8
5.1
4.2
4.1
4.2
5.4
7.0
8.6
10.6
12.3
10.0
5.5
5.3
-0.3
-1.0
-0.7
-0.7
-0.8
7.0
-0.6
0.9
2.4
3.4
-0.7
2.7
5.0
5.0
6.8
6.2
3.0
2.5
1.5
1.0
2.7
4.0
0.7
1.9
0.2
0.4
4.6
5.2
5.5
5.7
5.8
5.9
5.6
5.5
1.3
2.3
1.5
1.9
1.7
5.6
0.4
0.6
0.8
1.0
0.8
6.2
5.0
5.5
1.7
1.7
1.6
1.8
1.4
0.9
2.9
4.3
5.6
6.5
1.7
4.5
-0.4
-0.6
-0.1
0.5
1.2
2.2
1.7
5.8
5.0
5.2
-0.6
1.6
0.9
0.5
0.6
0.5
0.4
3.0
0.2
0.3
0.4
0.6
0.2
0.6
1.6
1.8
1.4
1.0
-0.4
-1.1
-1.8
-2.1
1.7
0.3
-2.4
0.4
0.9
-0.5
-1.1
-1.2
-0.9
-0.9
-1.1
-0.9
-0.9
-0.9
0.4
4.5
5.8
5.6
3.4
1.3
-3.1
-1.4
-1.5
-2.4
3.3
-0.2
3.0
-1.0
1.5
3.9
-2.2
-2.3
-2.5
-2.1
-2.2
-2.5
-2.4
-0.3
-2.2
-4.7
-3.5
-4.2
-3.8
-2.5
-2.1
-0.9
-0.4
-2.3
-3.2
-4.1
-2.7
-3.7
-3.7
-4.2
-4.3
-4.5
-4.3
-4.1
-3.6
-3.3
-4.0
-3.6
-4.4
0.8
1.6
0.6
-1.1
-4.6
-2.6
-3.0
-3.4
-4.0
0.7
-2.1
1.0
-4.2
-1.4
-2.8
-5.2
-5.4
-5.4
-4.7
-4.5
-4.5
-4.5
-4.8
-0.1
0.2
2.8
2.4
2.1
-0.4
2.2
-1.5
-1.5
-1.8
-2.0
-0.9
1.1
-5.0
-1.5
-5.6
-6.2
-5.9
-7.7
-0.6
-8.5
-7.3
-5.4
-2.2
-8.3
0.9
-0.1
0.7
0.1
0.5
3.1
6.7
6.6
5.1
3.5
-0.6
-0.4
-1.5
-2.3
-2.4
-2.6
-2.6
-2.7
-1.1
-2.7
-2.5
-2.1
-1.5
-2.7
4.4
5.0
4.6
4.2
4.0
2.6
2.1
1.6
1.8
3.7
3.5
1.6
4.2
2.1
2.3
2.0
0.8
0.7
0.1
0.5
-0.3
-0.2
-0.8
3.8
6.4
6.7
7.0
5.6
9.5
4.7
2.8
1.1
2.5
4.4
6.8
8.2
-0.4
6.7
4.8
4.2
2.3
1.7
1.5
1.5
0.6
-1.0
-1.0
7.3
3.5
3.4
2.9
2.6
1.5
2.1
1.8
1.7
3.3
2.2
2.8
1.8
1.9
2.2
-0.2
1.5
1.3
1.4
1.2
1.5
1.7
2.2
2.0
1.6
3.0
3.9
4.5
5.0
6.2
6.1
5.9
6.0
2.5
5.8
6.1
2.0
0.3
0.3
0.3
0.6
0.7
0.7
0.6
0.9
0.9
1.2
1.5
1.1
7.0
8.8
9.0
7.8
6.6
8.2
5.3
4.7
4.3
4.0
6.2
7.7
5.7
7.3
5.4
5.2
5.1
5.3
7.7
5.2
5.4
5.8
7.1
5.3
8.0
2.6
2.6
3.0
1.3
2.7
4.6
7.0
7.1
7.9
6.8
5.7
3.8
5.1
3.4
3.4
2.2
1.3
3.6
0.5
1.9
2.2
3.9
0.0
4.5
5.9
5.7
5.9
2.1
4.9
0.7
-0.2
-1.0
-1.1
0.9
2.8
3.8
4.5
3.2
3.9
3.7
3.4
3.9
3.9
3.8
4.2
4.3
2.6
3.5
-0.2
0.2
-0.4
-0.5
-1.2
-0.8
-1.0
-1.1
4.1
-0.4
4.8
-0.9
5.8
-1.2
-1.5
-2.0
-2.1
4.8
-2.6
2.7
3.5
5.6
-2.6
6.0
2.4
1.3
2.0
1.4
4.5
6.9
6.7
6.9
6.4
3.3
5.3
2.5
3.8
-0.7
-0.7
-1.1
-1.7
-0.7
-2.7
-1.4
-0.2
0.6
-2.4
6.6
7.7
7.5
7.0
5.1
7.5
4.2
4.2
4.2
4.2
4.6
7.5
4.2
8.6
8.7
8.4
8.3
8.9
8.0
4.8
3.4
3.4
2.5
2.0
8.7
9.4
9.7
8.4
7.9
7.6
7.8
7.6
7.5
8.1
7.7
8.5
9.9
8.4
3.2
3.0
3.2
3.5
3.6
4.4
5.5
6.6
7.2
3.9
11.7
4.4
4.4
4.9
4.7
5.6
6.9
9.0
10.8
10.8
10.2
4.1
5.5
7.3
7.2
7.1
6.9
7.0
8.0
6.1
8.0
4.4
4.7
7.2
9.8
2.8
3.7
4.1
5.8
8.8
9.7
9.8
9.9
9.5
8.7
2.9
6.1
4.6
4.2
3.7
3.2
2.4
7.9
2.5
3.1
4.4
5.0
2.3
15.3
15.1
14.2
12.6
11.1
8.3
7.8
8.0
7.6
14.4
9.5
7.5
14.7
12.0
9.1
6.6
4.7
2.7
3.0
2.7
2.6
3.0
2.5
12.9
12.4
12.6
13.0
11.9
10.9
10.4
10.0
9.8
10.0
11.1
11.3
10.0
11.5
8.1
7.8
7.1
7.6
7.4
11.1
7.2
7.7
9.1
10.9
6.8
7.3
7.7
8.5
8.8
9.6
10.3
12.1
12.1
11.5
10.7
8.8
6.8
8.2
9.7
9.4
9.5
9.6
9.4
7.7
9.2
9.8
10.3
9.3
9.9
7.8
7.8
8.5
7.8
8.0
6.3
6.0
6.0
5.7
7.1
7.1
5.3
7.3
6.9
7.1
6.3
6.3
6.2
5.8
5.3
5.6
6.0
6.4
5.6
3.0
6.1
6.8
7.9
6.5
4.1
4.4
3.7
3.0
6.4
5.3
2.9
5.5
4.4
4.9
3.1
2.4
2.4
4.3
1.2
1.0
2.0
3.5
2.2
5.1
2.4
2.7
3.2
3.5
4.0
4.3
4.8
5.2
5.4
5.1
2.1
4.1
3.0
2.6
2.3
2.4
2.5
4.7
3.1
3.4
4.4
5.1
2.9
5.2
4.9
4.7
5.0
4.4
3.1
2.4
2.4
2.4
6.4
3.7
2.2
6.3
5.7
4.5
3.0
1.0
0.9
1.1
1.2
1.4
1.5
1.8
5.6
7.8
7.4
7.2
6.6
6.0
5.9
4.9
4.7
4.6
6.2
5.6
4.7
7.0
1.9
1.7
1.7
2.0
2.1
6.4
2.6
3.4
4.9
6.4
2.8
5.5
6.0
6.1
6.2
6.4
6.6
6.7
7.1
8.1
7.6
7.6
7.9
6.4
7.6
5.0
4.8
4.8
5.0
4.7
5.1
5.4
5.7
5.6
4.9
13.1
14.8
14.1
13.8
11.3
9.7
8.9
7.6
7.4
13.6
10.3
12.0
5.2
10.1
10.7
4.8
5.0
4.7
5.1
4.1
4.5
7.4
9.6
4.6
10.8
5.6
6.6
7.9
8.4
9.4
11.3
11.0
4.1
12.6
9.4
11.6
6.9
6.9
6.6
6.3
6.2
6.4
9.2
5.9
6.5
8.4
7.9
5.8
9.5
9.5
10.8
11.9
14.6
16.0
17.0
17.1
16.7
16.2
15.5
8.8
12.6
3.5
2.9
3.8
2.6
1.6
14.3
6.1
8.6
10.5
11.6
3.7
20.9
20.2
20.2
19.7
18.7
15.7
14.0
12.5
11.3
19.4
17.2
11.6
18.5
15.1
16.5
8.3
8.8
9.2
7.3
6.9
9.4
12.8
14.0
6.2
12.4
20.8
21.1
20.5
21.0
14.2
17.1
13.3
12.6
20.2
19.9
12.5
19.1
16.8
10.7
10.5
11.3
10.7
17.7
9.3
10.5
15.1
15.9
9.0
12.9
13.2
13.7
14.2
15.2
18.8
19.4
21.8
21.2
20.9
20.7
21.6
18.9
19.6
10.8
10.0
10.9
9.4
11.7
11.4
14.5
16.5
17.5
9.7
22.2
21.9
21.5
20.5
18.6
13.4
15.5
14.6
13.6
21.9
16.6
21.1
11.2
19.1
19.7
11.6
11.2
10.6
12.1
12.0
16.0
16.7
18.4
10.4
20.5
20.4
20.0
18.5
18.1
15.9
14.7
12.9
12.9
20.6
17.3
12.5
20.6
17.7
12.4
11.6
12.8
12.9
19.0
12.3
12.2
14.9
16.4
11.9
18.3
10.0
11.7
12.4
13.1
14.5
15.7
17.6
18.0
18.6
16.7
9.3
11.5
12.6
11.8
11.5
11.1
11.7
15.0
11.3
12.0
11.0
11.7
12.0
18.3
19.1
19.5
19.4
18.9
15.0
13.7
12.5
11.5
15.9
17.5
10.8
14.4
14.2
10.5
9.7
9.4
9.4
9.8
9.9
9.8
9.7
9.1
14.3
17.5
16.2
14.4
12.4
18.4
8.6
7.7
7.5
6.5
9.8
17.9
18.0
10.5
17.1
10.1
11.0
11.0
11.1
11.6
12.9
14.6
16.3
17.6
11.6
10.0
12.8
12.4
11.7
6.7
10.9
3.9
3.6
2.8
12.2
5.0
11.5
5.8
8.9
8.4
6.0
4.7
5.4
4.9
5.7
6.4
5.8
6.4
11.1
16.0
16.2
16.2
14.7
9.0
10.2
9.6
9.4
17.0
13.2
18.3
11.7
16.8
16.3
12.8
8.2
5.7
2.3
2.9
2.4
3.2
3.4
3.3
17.3
14.8
14.5
13.2
13.9
9.6
10.9
9.9
9.8
14.8
13.2
14.3
11.3
11.3
9.2
8.0
7.2
6.7
6.5
6.6
6.6
7.5
8.2
8.4
12.3
8.1
8.2
3.6
2.7
2.6
3.1
2.8
2.5
2.2
7.9
2.4
8.2
9.1
12.5
12.5
10.0
8.4
8.2
8.4
8.6
8.3
8.4
8.9
11.0
7.9
8.0
8.8
7.0
2.8
3.0
3.2
3.0
7.3
5.6
5.4
3.8
6.4
2.1
1.8
2.2
2.7
2.1
6.6
2.7
2.7
3.7
5.8
2.4
5.9
3.4
3.5
3.8
3.8
4.2
4.3
4.9
4.8
5.1
4.5
2.4
4.7
2.5
2.2
2.2
2.2
2.2
4.3
0.5
0.7
0.8
3.2
0.6
8.6
9.1
9.1
9.8
9.5
6.9
5.7
5.4
5.0
8.1
9.4
4.0
7.8
5.5
3.8
2.1
1.4
1.0
0.4
0.5
0.6
1.5
1.2
7.1
8.6
8.2
6.1
7.9
7.5
6.2
6.7
6.5
6.3
9.0
7.1
9.1
4.2
6.8
6.6
5.3
3.9
3.2
3.5
3.8
4.2
4.0
4.0
7.8
9.8
10.1
10.1
10.5
9.2
10.2
9.8
9.4
9.3
10.2
6.7
9.9
5.1
4.5
4.1
4.3
3.9
3.9
4.0
4.7
5.9
5.9
6.0
5.9
15.1
16.2
17.0
16.0
10.0
13.1
12.4
11.5
12.2
14.8
15.3
13.3
7.4
9.3
8.1
7.5
7.2
7.4
7.6
7.8
8.0
8.5
8.8
11.5
19.6
18.7
19.3
19.2
14.1
15.4
14.4
13.5
18.3
17.0
17.6
15.3
16.7
8.7
8.7
17.3
9.0
8.8
9.6
10.9
13.4
14.5
16.8
8.9
12.7
11.5
11.6
11.6
12.1
13.3
15.3
17.5
18.6
14.7
16.6
9.8
16.7
11.8
11.1
11.3
11.6
11.1
17.7
12.6
14.5
14.4
16.2
10.9
12.5
12.8
13.5
11.4
10.9
9.9
9.9
8.7
8.6
16.7
10.3
9.2
15.2
14.7
13.5
11.5
10.1
8.9
8.9
8.9
10.0
9.0
9.2
15.3
12.8
13.1
14.4
13.3
11.7
9.9
10.2
10.2
10.1
12.7
10.6
12.0
10.9
10.1
8.6
8.6
8.5
8.3
8.8
8.8
9.2
9.9
10.3
8.4
9.6
4.7
5.1
5.4
5.5
7.4
8.1
8.8
9.6
10.6
9.6
10.2
9.6
8.0
9.3
9.0
8.9
8.1
9.0
7.6
7.3
6.1
6.0
7.9
18.7
16.7
17.3
19.0
15.8
16.9
12.8
10.4
9.0
8.8
14.0
14.8
4.4
10.9
9.3
7.1
6.0
5.6
5.3
5.2
4.7
3.5
4.3
12.6
14.4
1.4
13.0
12.5
12.3
3.4
10.9
6.2
4.4
15.1
11.7
15.3
12.6
14.5
8.0
9.9
9.6
7.8
15.7
9.7
10.2
12.1
15.0
8.5
0.4
0.7
0.4
0.6
0.6
0.5
0.8
1.1
1.1
0.9
0.5
0.8
0.4
0.3
0.0
0.0
-0.4
-0.7
-0.3
-0.3
0.3
0.4
0.8
-0.3
3.7
2.9
3.1
3.4
3.9
2.5
4.1
4.2
4.4
4.6
3.8
2.3
0.7
0.8
0.8
0.7
0.9
0.9
0.9
0.9
0.7
0.6
0.7
2.0
9.5
7.0
10.1
9.7
9.1
7.1
7.8
7.5
7.6
8.8
8.3
8.3
6.1
7.1
6.7
5.7
5.5
5.2
5.1
5.0
4.8
4.8
4.6
7.9
14.9
13.9
11.1
12.1
8.2
9.1
9.0
8.4
14.1
10.9
13.2
9.4
10.9
10.2
8.8
7.6
7.1
5.8
6.1
6.9
6.9
7.4
7.2
12.6
11.9
13.2
12.6
12.9
9.4
10.8
10.1
10.1
9.8
13.3
12.3
12.0
10.0
9.9
9.9
8.6
7.6
6.9
7.0
6.9
7.2
7.2
6.8
11.3
14.2
15.6
16.5
17.0
13.4
15.4
11.0
9.8
11.0
10.6
12.1
15.2
8.8
14.0
8.6
8.6
8.6
8.5
14.4
8.4
9.6
10.9
13.9
8.0
14.6
8.0
8.8
9.0
10.2
11.0
13.8
15.6
14.5
16.3
10.1
14.8
9.8
12.7
9.1
8.6
5.9
5.5
6.5
9.1
11.2
12.0
13.0
7.2
13.7
16.4
16.8
17.1
14.0
15.7
11.1
10.2
9.0
9.9
12.2
14.2
7.3
12.6
13.8
12.0
9.9
8.0
5.7
5.2
5.4
5.9
6.5
14.1
17.4
16.6
15.4
13.7
15.2
9.3
11.1
9.6
9.7
17.5
13.7
17.8
16.7
15.3
9.4
9.7
9.3
9.0
10.0
11.1
11.6
14.5
14.8
9.5
16.8
9.5
9.7
11.1
11.9
12.5
13.6
12.8
11.3
16.4
16.5
9.0
14.1
8.7
8.2
7.1
6.7
6.6
15.8
12.0
10.7
12.1
13.7
7.8
14.6
15.5
16.7
15.1
12.5
12.7
9.2
9.1
8.9
15.2
12.4
8.7
10.7
10.1
12.0
11.0
10.6
9.3
8.8
9.2
9.5
9.2
8.9
9.2
16.0
14.4
14.4
13.7
17.3
12.6
12.7
11.3
10.1
12.4
19.5
18.5
18.6
8.9
8.7
9.1
8.2
8.9
8.4
14.5
16.1
16.6
17.5
12.5
19.3
14.1
14.0
15.1
16.6
18.6
19.4
19.8
19.4
20.5
20.8
14.1
20.2
10.0
9.9
10.3
9.0
10.4
20.6
13.8
16.7
18.0
18.6
10.4
20.4
20.3
20.1
20.0
20.4
17.2
15.8
15.1
14.8
21.9
18.7
14.7
22.0
17.3
15.6
15.0
13.9
14.2
14.8
12.7
13.9
14.1
14.5
19.9
16.6
13.8
14.9
15.8
14.6
11.3
12.1
11.7
11.4
19.0
12.9
20.4
17.0
19.9
19.1
16.0
15.4
16.3
15.1
14.7
14.8
16.0
19.4
14.0
10.8
12.2
10.5
11.0
11.7
11.9
11.8
12.1
11.5
12.4
12.2
11.5
12.0
12.2
13.6
13.0
12.3
11.8
11.4
11.5
11.6
11.2
11.1
11.9
13.6
14.4
14.4
14.5
10.4
13.4
11.4
11.4
10.6
13.9
15.1
12.8
12.1
12.3
12.0
11.5
11.9
10.3
9.8
10.3
10.4
10.4
10.5
12.8
13.8
12.9
13.6
15.0
13.5
12.2
12.4
12.5
10.3
9.7
12.5
11.7
11.1
12.0
11.4
11.2
10.3
10.0
11.4
12.2
12.0
13.0
12.9
10.9
14.6
9.2
9.5
10.9
11.6
12.3
12.8
13.3
15.8
15.2
14.1
10.0
15.1
10.4
9.2
9.7
10.4
10.1
16.1
12.5
13.1
12.5
13.1
10.1
18.0
17.5
17.3
17.4
15.2
14.4
12.9
12.2
11.5
16.7
16.6
11.1
15.6
14.1
12.9
10.6
10.9
8.6
8.2
8.3
8.6
9.0
10.2
15.4
20.7
19.7
17.6
17.2
19.6
12.9
12.9
12.5
12.0
14.8
19.4
18.3
11.3
15.3
14.5
12.9
12.1
11.4
11.1
11.1
11.3
11.5
11.6
16.8
17.4
17.5
16.4
15.6
11.8
14.0
12.0
11.6
18.7
14.5
19.2
13.0
17.5
19.0
12.0
11.8
10.9
11.8
11.9
14.7
14.8
15.3
16.7
12.7
16.5
13.8
13.8
14.3
13.3
12.2
11.2
10.7
16.6
10.2
14.0
16.4
13.3
13.9
13.3
12.6
11.2
10.4
9.5
10.0
10.3
10.9
11.2
15.5
14.9
15.7
14.5
14.7
14.2
19.2
11.5
11.3
11.8
12.0
12.1
19.0
9.5
17.4
10.3
9.9
10.7
11.1
18.4
13.1
12.9
15.0
15.8
11.0
14.6
10.9
10.8
10.2
10.2
11.3
11.9
15.0
16.5
16.3
16.4
17.3
11.2
17.0
11.4
11.3
11.2
11.1
11.1
11.8
14.2
13.9
15.7
11.4
13.6
17.2
14.8
14.8
13.1
18.8
11.9
11.8
11.8
10.7
12.3
17.9
10.5
17.2
16.7
15.0
13.4
12.0
8.8
8.5
8.9
9.3
9.9
17.5
17.1
17.8
17.6
17.1
15.5
13.5
14.1
14.4
14.1
17.0
14.6
16.6
9.7
16.1
9.3
9.5
10.1
9.6
17.6
11.6
13.2
13.9
14.3
9.5
21.3
14.4
16.7
17.1
18.6
19.9
21.0
21.2
22.1
22.2
15.1
22.1
17.7
21.0
13.5
13.4
12.8
12.0
13.1
13.7
15.5
18.5
20.1
11.8
20.8
21.7
21.5
20.2
18.1
20.8
14.5
14.1
14.0
13.2
15.4
21.4
14.0
19.7
14.8
13.7
13.3
13.3
21.6
15.0
15.8
17.3
17.7
13.7
10.4
11.4
11.9
12.5
12.7
13.5
13.3
12.7
13.2
13.9
13.9
13.0
14.6
13.6
12.2
12.5
13.7
13.6
12.1
11.6
12.2
12.2
13.5
12.3
14.8
13.4
11.8
11.7
11.1
10.7
10.8
11.1
11.1
15.2
10.5
14.9
9.3
14.9
12.9
13.2
11.9
10.0
8.5
8.3
9.1
9.3
10.1
16.8
11.8
12.1
11.9
11.2
10.7
7.6
9.4
8.7
8.1
11.6
10.0
10.2
10.5
9.9
11.0
10.7
10.2
9.5
10.8
9.6
9.8
9.8
9.9
9.5
14.4
15.3
14.7
16.6
14.9
11.8
11.1
11.0
14.1
10.1
13.4
10.8
13.0
10.5
9.6
8.3
8.0
7.6
7.4
7.2
7.4
7.5
7.5
11.3
12.7
12.6
13.0
12.7
12.1
11.9
11.0
10.8
10.5
12.9
12.2
11.1
12.1
9.8
9.8
9.7
9.9
10.2
12.0
10.6
10.6
11.2
12.0
10.4
17.8
18.2
18.8
18.3
18.8
14.1
13.7
13.0
11.8
16.2
15.8
16.8
11.3
15.0
15.7
13.8
13.5
11.0
10.7
10.1
11.3
16.8
10.7
11.3
16.8
15.8
15.8
14.6
15.0
10.4
10.8
10.8
10.6
16.2
12.3
16.4
15.2
13.0
10.9
10.6
10.7
10.7
11.6
11.4
11.9
13.0
13.9
10.7
14.1
10.9
12.4
12.7
13.4
14.4
14.5
14.6
15.4
14.7
13.4
10.9
12.0
9.7
10.0
10.0
10.0
10.0
13.4
10.3
10.3
10.6
11.3
10.1
15.6
15.6
15.6
18.3
20.7
21.9
22.7
22.6
22.0
21.0
19.5
14.4
16.3
10.4
10.0
9.8
10.8
10.5
18.5
12.0
12.7
13.7
15.3
11.3
23.4
24.3
25.2
25.9
23.8
21.2
18.7
17.7
16.2
24.3
24.2
15.3
23.1
20.3
21.2
14.0
13.5
12.2
12.4
12.5
15.7
17.6
18.8
12.0
15.1
15.7
16.8
17.7
19.4
22.1
23.6
24.1
24.5
24.4
24.4
24.1
22.7
15.5
15.0
14.7
14.4
13.9
23.7
17.5
19.6
21.4
22.4
15.1
17.5
17.1
16.6
16.3
14.6
10.9
10.1
9.3
8.3
17.1
12.4
16.8
15.9
14.6
13.2
11.9
10.8
10.4
14.4
9.8
9.7
9.1
11.3
9.8
17.8
10.8
11.6
12.4
14.1
15.9
18.1
19.4
19.1
18.8
18.2
10.3
15.6
7.3
7.3
7.1
6.3
6.5
16.9
9.1
11.3
12.8
13.9
7.0
16.6
11.3
11.7
12.4
14.5
15.4
17.7
18.1
17.1
16.9
17.3
10.9
16.4
10.0
9.4
9.1
8.8
7.3
17.2
9.2
13.4
12.5
15.1
7.5
19.5
20.4
20.4
19.6
19.6
15.8
13.5
13.4
12.9
19.0
18.4
12.7
18.4
16.1
15.1
13.8
11.5
8.4
8.1
8.4
8.9
9.4
9.9
17.0
23.2
22.9
22.6
21.8
22.5
18.4
16.6
15.4
14.9
21.3
22.0
13.6
18.8
11.6
10.6
11.0
9.1
8.2
19.9
11.7
13.2
15.0
16.5
8.6
13.9
14.2
15.2
18.1
20.4
22.6
24.4
23.7
23.2
22.5
21.7
12.4
20.2
14.1
12.9
11.5
10.7
10.5
21.1
15.4
17.7
18.6
18.9
11.2
22.1
21.9
21.9
21.4
20.9
17.2
14.3
13.8
13.5
21.6
19.7
13.5
20.5
18.7
20.4
13.9
13.5
12.4
12.8
12.4
11.8
14.4
15.8
12.1
14.3
21.5
22.3
21.4
21.9
19.0
19.4
17.1
16.2
20.2
20.4
15.6
19.0
16.0
12.1
10.1
9.5
8.9
17.5
9.0
11.0
12.5
14.3
8.7
26.0
18.5
18.6
19.2
20.4
22.8
24.8
26.1
26.7
26.8
26.4
25.0
13.2
24.3
14.8
12.9
13.9
14.6
12.8
18.0
19.4
20.8
22.5
16.2
26.7
27.3
27.8
27.7
25.3
27.9
19.6
18.6
16.9
16.4
23.1
27.4
16.0
24.7
23.6
22.1
20.7
18.6
16.5
16.4
17.3
18.0
16.4
25.8
26.4
26.4
26.2
25.0
22.5
14.2
14.7
14.2
14.6
25.8
21.0
24.9
23.5
22.5
16.4
16.1
15.5
15.1
17.3
17.5
18.7
20.2
21.2
16.7
25.4
13.9
15.3
16.8
19.7
20.5
20.9
20.7
24.2
23.3
23.5
15.1
20.8
14.1
14.3
14.3
14.9
14.6
23.4
16.0
17.7
18.7
21.5
14.3
18.3
20.9
22.6
24.0
22.4
14.2
13.1
12.6
11.9
22.7
15.4
11.7
24.8
22.3
22.2
19.0
15.8
15.3
15.4
15.8
14.9
15.2
15.2
23.1
18.7
18.4
17.2
15.4
17.2
13.7
13.2
13.0
12.7
14.2
19.0
17.6
11.5
16.5
15.3
14.2
12.8
11.6
11.1
11.1
10.8
10.8
11.1
17.1
16.9
18.7
17.9
17.0
12.8
15.8
13.7
12.8
16.6
15.8
17.9
14.4
15.6
16.4
12.4
12.4
12.4
12.5
12.4
13.1
13.1
13.3
13.2
12.5
22.9
23.0
21.8
21.7
18.2
15.7
14.4
13.7
22.2
14.2
20.4
22.6
16.3
20.5
19.0
14.1
14.6
11.4
11.4
12.3
12.2
12.9
12.8
22.4
21.0
21.9
22.1
21.7
21.1
22.2
15.5
15.1
15.5
15.1
18.3
22.1
14.2
21.4
14.5
14.2
14.0
13.8
22.3
14.9
17.8
19.1
20.4
13.3
23.1
13.1
14.9
14.6
16.1
18.9
21.5
22.7
23.3
22.7
22.9
22.2
14.5
22.2
14.0
13.6
12.4
12.9
12.3
17.2
18.8
20.2
21.6
15.5
21.0
21.8
20.7
20.9
19.5
21.3
15.0
14.0
13.6
12.8
16.8
21.5
12.2
18.5
17.2
15.5
14.4
12.2
10.0
9.7
10.1
11.8
13.3
19.8
19.6
19.8
19.4
19.6
18.6
9.7
12.3
11.2
10.2
19.3
15.8
17.9
11.7
15.2
10.5
9.8
9.6
9.5
16.5
10.0
11.7
12.5
13.5
9.2
22.2
14.1
15.0
15.9
17.9
20.5
23.4
23.7
23.1
23.3
14.3
20.4
18.4
19.1
9.8
9.4
8.2
7.7
8.8
12.0
14.2
15.7
16.6
8.2
24.6
24.1
24.9
24.8
24.0
23.9
17.5
15.9
15.3
14.9
20.1
23.3
23.0
22.0
21.6
20.2
18.6
15.8
11.5
11.1
11.5
11.5
11.4
12.7
25.9
17.5
16.8
15.5
15.5
13.6
15.3
14.5
14.0
25.9
16.1
25.8
25.0
24.0
14.4
13.8
14.4
13.6
14.1
16.7
19.8
20.7
19.6
14.4
22.9
14.6
15.6
16.8
17.6
18.1
20.8
25.7
25.7
22.8
25.0
14.3
23.2
13.5
13.9
14.3
14.4
14.8
23.6
14.3
18.1
20.4
20.3
13.2
14.1
13.0
12.7
13.5
13.8
14.2
14.0
13.4
13.9
14.1
20.3
12.6
19.7
13.9
13.8
13.8
13.5
13.9
15.8
16.3
19.1
20.9
22.1
14.5
21.4
21.9
22.1
22.1
21.8
17.7
15.2
14.8
14.1
20.9
20.9
13.7
19.8
17.5
16.3
14.6
12.8
11.9
11.8
12.4
12.5
12.6
12.6
18.0
24.3
24.7
24.5
23.8
21.8
18.3
16.5
15.9
15.6
22.4
22.3
14.9
20.1
13.1
11.6
11.1
10.4
9.9
21.2
14.0
16.8
17.6
19.0
10.2
16.6
15.7
16.9
20.6
23.7
23.8
24.7
26.4
24.8
25.0
23.4
15.6
22.2
14.7
13.9
13.6
13.2
13.0
22.9
15.2
17.8
19.4
20.8
12.9
24.3
24.5
24.0
22.5
20.8
15.2
12.9
12.2
12.5
22.9
16.1
12.9
23.6
21.2
21.9
16.1
16.1
14.4
14.2
14.4
12.6
13.1
18.9
15.4
12.6
16.7
16.8
16.5
16.4
13.8
14.8
13.2
12.8
14.9
16.0
12.4
14.6
12.9
12.7
12.4
12.6
12.3
13.4
12.6
12.9
13.3
13.9
12.4
17.1
13.1
13.2
14.5
16.0
16.8
18.0
19.9
19.7
17.7
16.9
13.8
18.0
11.5
11.7
11.6
11.8
11.5
17.1
12.9
14.9
17.2
17.6
11.9
22.5
23.6
23.7
23.1
23.1
18.7
15.9
15.3
14.9
21.4
22.0
14.8
20.7
19.1
17.9
16.0
13.0
11.7
11.7
11.8
11.3
12.1
13.1
20.8
25.6
25.7
24.9
25.1
24.9
21.1
18.5
17.3
16.6
24.1
24.3
16.1
22.2
14.0
12.4
13.5
12.2
12.1
23.3
15.6
19.3
20.4
22.2
12.6
25.1
24.2
24.8
23.8
24.1
18.4
18.6
17.8
17.8
24.2
20.6
24.6
23.3
24.2
15.2
14.6
14.3
14.3
15.5
15.9
18.7
21.8
22.9
14.0
25.3
19.5
19.6
19.8
22.6
25.5
24.7
26.9
24.8
24.6
25.1
18.2
25.3
16.6
15.1
14.5
14.0
13.7
25.8
16.6
19.8
22.1
23.4
14.2
29.5
20.9
20.1
19.9
21.8
22.9
24.0
27.5
28.7
28.0
29.3
17.2
25.1
17.6
17.1
17.4
17.5
16.2
27.8
19.3
23.3
24.3
25.9
16.3
20.3
20.7
20.6
20.4
20.4
17.0
14.4
14.5
13.5
18.9
18.8
13.0
18.0
16.2
16.7
15.5
17.3
16.2
18.0
18.9
18.4
16.7
18.0
16.7
27.4
26.3
27.5
27.0
27.1
21.8
19.5
18.8
18.2
25.9
26.2
17.3
23.4
12.4
12.1
12.9
14.0
14.5
25.3
14.8
16.5
17.7
20.5
14.4
17.3
18.1
19.3
20.2
22.2
27.3
27.3
27.5
26.3
25.5
26.5
17.1
25.3
18.0
16.5
14.9
14.3
13.9
25.4
15.6
18.1
21.4
23.2
13.9
28.3
28.2
26.6
25.4
24.7
22.4
20.4
19.0
17.3
27.5
24.5
16.2
25.9
23.7
25.7
16.4
16.5
16.8
16.6
15.9
17.7
19.7
21.6
15.5
18.5
25.9
24.1
22.0
24.8
22.5
24.4
19.6
18.8
26.6
26.1
19.2
24.5
21.4
15.8
15.0
14.5
14.3
22.9
15.0
15.6
16.5
16.8
14.2
26.7
17.9
19.4
20.0
22.1
25.7
26.9
27.4
27.3
27.7
25.6
17.6
24.6
17.5
16.2
16.3
16.0
14.8
26.0
16.4
19.1
21.5
22.9
14.4
27.3
27.8
28.0
28.1
28.4
23.3
20.7
20.8
20.3
26.5
26.4
20.8
25.8
22.9
21.4
18.8
16.5
14.8
15.9
15.5
17.2
17.7
17.9
25.0
28.4
28.2
28.9
26.9
28.9
23.3
22.0
22.0
21.1
26.3
28.6
19.2
26.5
20.4
18.0
17.4
16.3
15.9
27.1
17.9
20.6
22.8
25.1
15.7
19.3
21.9
22.0
22.9
24.5
27.0
27.3
28.9
27.3
26.5
26.5
29.6
26.6
26.0
16.2
16.0
15.3
14.9
18.2
16.9
19.8
22.0
23.8
15.0
22.0
22.9
24.1
23.6
23.8
20.6
20.8
20.4
20.6
20.2
22.3
24.2
17.4
26.8
28.6
17.9
16.7
16.3
18.9
19.9
25.0
23.7
25.2
16.8
27.6
20.4
20.7
21.4
22.5
24.2
26.8
28.2
19.8
28.4
27.8
27.9
26.3
20.1
19.5
18.1
18.6
19.6
27.5
19.4
21.4
23.2
24.4
18.4
16.4
16.0
16.2
17.3
18.6
19.3
19.4
19.4
20.7
20.7
20.6
16.2
22.8
19.0
19.0
18.8
17.7
15.6
22.6
15.5
18.2
19.4
22.1
14.1
16.8
15.8
15.8
15.9
14.6
13.3
12.2
11.2
10.1
16.3
14.4
9.4
16.1
17.0
16.8
16.8
17.8
17.9
17.5
17.4
16.8
16.3
16.7
17.5
10.4
19.1
20.3
20.9
21.0
15.1
19.3
13.1
12.1
18.5
21.0
11.3
17.9
15.7
9.5
9.8
9.8
9.6
16.3
7.7
9.5
12.6
14.1
8.3
12.0
13.5
13.6
14.9
16.1
19.9
21.9
22.8
22.7
20.9
20.5
22.7
18.0
18.6
8.5
7.9
8.0
7.4
9.2
10.6
14.6
15.2
15.3
8.4
26.0
27.0
27.4
27.2
23.0
15.2
20.5
18.1
18.2
26.2
21.1
26.7
10.6
23.6
25.1
10.7
10.4
12.4
11.2
12.8
17.9
20.0
21.8
10.5
16.7
17.5
18.4
18.1
15.3
14.3
13.5
12.8
12.5
18.1
15.3
12.4
16.2
17.4
15.6
14.2
13.9
13.3
16.6
13.1
14.1
16.1
16.9
13.3
16.7
12.7
12.9
13.4
14.0
15.5
17.5
18.2
17.4
18.2
16.3
12.6
15.5
12.7
12.7
12.5
11.8
11.7
16.7
12.1
12.4
13.1
13.7
11.8
21.3
22.5
22.2
22.4
22.2
16.5
14.7
14.7
14.4
20.8
20.4
14.1
18.9
18.2
16.3
15.4
12.2
11.3
11.0
11.0
11.5
11.8
12.4
18.4
25.3
26.3
24.3
23.2
25.7
20.9
19.6
18.5
18.3
22.1
25.5
18.1
21.9
14.0
13.1
12.5
12.3
11.7
23.8
12.7
17.6
18.8
19.7
11.2
13.4
13.4
13.4
13.6
13.7
13.8
14.4
15.4
13.9
16.4
15.0
15.1
18.3
16.3
15.6
14.9
14.8
14.5
15.9
14.2
16.6
18.3
19.1
13.8
20.7
20.0
20.7
19.3
17.7
14.3
14.2
14.0
13.3
19.7
15.7
20.8
12.9
18.4
18.8
13.0
12.7
12.6
13.2
12.4
13.7
14.6
16.5
12.4
22.8
12.9
15.1
16.4
16.0
16.8
21.0
22.9
23.1
23.2
22.1
23.6
20.6
11.3
10.8
11.5
11.3
11.0
13.2
16.8
22.1
18.7
19.4
12.3
23.0
15.8
17.1
17.7
18.4
21.3
22.4
25.0
24.8
23.5
23.6
15.5
22.6
13.1
13.9
13.9
13.4
11.8
23.2
13.0
16.9
19.7
21.0
13.3
24.7
26.6
26.2
22.6
18.8
17.2
18.1
17.3
18.1
24.0
17.6
17.1
22.4
20.0
19.0
16.8
14.0
11.9
12.4
13.3
13.1
13.0
13.7
21.5
27.4
26.7
26.2
21.0
19.4
16.9
17.0
17.5
16.2
25.7
18.2
26.0
15.6
24.2
24.2
22.2
21.3
16.7
15.6
15.4
15.0
26.0
16.5
17.1
25.5
24.1
22.2
22.3
20.4
15.9
15.1
16.1
16.6
22.2
17.5
25.9
25.2
23.5
16.2
16.5
16.4
15.3
17.2
17.6
19.0
20.6
22.9
15.9
19.4
11.1
11.0
11.7
12.3
13.3
14.9
15.5
16.5
18.3
19.6
10.3
17.4
15.8
14.4
14.4
14.4
14.0
18.6
13.2
14.8
15.6
15.9
13.7
12.2
8.9
8.9
9.5
9.1
11.2
11.7
11.7
14.0
13.5
10.9
8.7
10.4
9.8
8.6
7.3
6.7
6.1
11.6
6.8
7.9
8.2
9.4
5.5
17.6
17.6
17.8
17.9
17.8
11.5
10.1
9.5
9.3
15.6
16.2
8.7
14.5
12.6
10.8
9.3
6.5
4.8
4.3
4.8
6.4
8.0
8.4
13.1
23.7
23.7
23.9
20.6
22.6
18.4
16.8
16.0
15.6
20.0
22.2
15.5
20.1
8.9
8.6
9.1
9.0
8.4
20.9
10.3
13.7
16.1
19.0
8.2
27.1
26.9
26.7
25.5
23.3
19.0
18.4
17.4
17.9
26.9
20.2
25.5
12.5
22.7
13.4
13.1
24.5
12.1
14.8
14.2
17.1
18.4
21.1
12.5
21.2
10.1
11.4
12.9
13.9
15.3
16.9
18.7
20.0
20.9
21.4
19.5
17.7
20.8
17.5
16.4
15.9
16.1
15.7
15.4
16.1
18.2
19.0
15.7
15.3
16.7
16.6
15.6
13.0
15.3
11.3
10.8
10.4
10.6
11.9
15.3
11.7
14.2
12.8
11.7
11.6
9.0
9.2
9.9
10.8
11.3
11.5
14.5
16.3
14.5
14.0
13.7
12.3
8.5
9.2
9.7
9.6
15.9
10.8
16.7
10.5
16.3
9.7
9.5
8.9
9.2
15.4
9.5
11.2
13.1
14.9
8.5
16.2
10.2
10.4
10.6
11.3
13.1
15.1
15.2
16.7
17.4
9.5
16.0
14.1
14.9
7.3
7.2
6.6
6.4
6.8
5.8
9.2
11.4
13.7
6.4
16.6
17.4
17.7
17.7
15.3
17.8
11.8
11.1
10.7
10.1
12.9
18.8
17.9
16.7
15.0
9.1
11.6
8.4
7.5
8.4
8.7
8.2
8.9
8.9
19.6
19.9
21.1
19.9
16.1
11.9
14.2
13.4
12.7
18.9
14.2
18.2
9.9
17.2
16.2
14.7
13.0
9.0
7.8
7.9
8.0
9.2
9.6
18.0
20.3
22.5
21.9
20.9
17.5
11.9
13.9
13.9
12.8
21.2
14.9
18.9
18.4
18.3
10.3
9.9
9.7
9.5
10.9
10.3
13.8
15.5
16.9
9.6
22.0
13.2
13.3
13.5
13.6
14.2
15.0
15.3
16.0
15.3
23.4
23.2
11.8
22.7
11.7
11.2
11.2
11.5
11.9
16.2
17.7
20.1
21.5
12.5
12.4
13.3
12.9
12.4
12.4
12.4
12.5
12.4
12.4
14.8
12.4
13.4
13.0
14.5
13.1
11.8
11.4
11.3
13.9
11.8
11.8
12.1
13.1
11.7
18.1
10.0
10.8
11.1
12.0
14.5
15.3
18.1
17.1
17.7
9.1
17.0
14.8
16.3
12.3
12.3
12.2
11.9
12.2
11.8
12.2
12.3
14.5
11.7
22.8
20.4
21.3
22.4
21.4
12.1
14.0
13.2
12.6
11.8
17.8
19.1
17.8
14.3
13.1
11.8
6.9
6.7
5.8
6.3
6.4
6.9
7.7
16.7
24.2
22.3
21.5
20.9
19.3
15.1
18.0
15.8
15.3
24.9
17.1
23.6
23.5
22.5
11.6
10.6
10.5
10.4
11.9
12.3
17.1
19.5
20.9
10.9
23.4
16.6
16.5
16.3
16.7
19.5
23.2
23.8
24.3
24.9
23.3
15.5
21.1
14.0
14.0
12.2
11.6
11.5
22.8
13.4
15.3
18.6
20.1
11.5
24.6
16.5
16.8
17.5
19.1
21.3
23.5
25.7
26.3
25.6
24.2
16.3
22.8
14.9
13.6
12.6
11.5
12.9
23.3
13.1
18.3
20.4
21.8
12.7
25.8
24.7
18.8
16.2
15.5
15.2
14.6
14.0
13.5
25.2
12.8
13.1
23.1
21.7
20.5
18.2
16.2
16.1
16.9
16.5
16.1
15.8
15.9
22.5
22.6
23.1
22.0
20.1
21.2
16.1
14.7
13.9
14.0
17.4
22.9
13.9
20.5
12.0
11.9
12.5
13.1
12.9
21.6
12.6
15.4
17.6
19.9
12.3
11.4
11.6
13.2
13.8
15.0
16.4
17.3
17.8
18.7
16.8
14.7
12.4
14.3
13.8
13.0
12.6
12.7
12.7
16.0
12.5
13.1
14.4
14.6
12.3
19.4
19.8
19.6
19.2
17.6
12.1
11.6
11.1
10.1
18.5
13.6
9.7
17.2
14.2
15.3
12.1
11.8
10.3
9.0
7.8
7.7
11.7
12.7
8.7
13.5
21.6
22.3
22.7
21.8
14.2
17.0
14.6
14.2
20.4
21.6
13.4
20.4
19.1
10.1
10.0
9.9
9.8
20.0
10.8
12.2
13.4
16.3
9.2
24.7
15.5
15.1
15.7
16.9
19.1
22.2
24.7
25.5
25.4
24.6
15.1
22.0
13.1
12.9
12.8
12.6
11.9
22.7
12.0
14.2
19.1
20.7
11.6
23.3
23.2
22.0
20.4
19.6
15.3
13.9
13.2
12.8
23.6
17.7
13.2
23.1
19.9
17.7
15.1
12.7
12.0
12.0
13.1
13.8
13.9
14.5
21.0
22.9
24.8
24.3
22.7
24.4
17.8
17.4
17.1
15.7
18.8
23.1
15.6
21.7
13.1
13.0
12.8
12.5
12.0
23.0
12.3
15.2
18.2
21.4
12.4
15.0
15.2
16.2
16.3
16.0
17.6
24.5
25.0
25.5
24.9
23.5
25.8
22.6
23.8
13.4
13.2
12.6
12.4
14.4
12.5
15.0
18.2
20.1
12.0
17.8
17.7
16.6
15.1
13.1
11.7
10.4
9.8
8.9
17.4
12.5
17.9
14.9
19.6
18.4
15.4
15.5
15.0
14.7
15.6
16.2
19.3
20.2
14.8
18.9
13.8
13.8
13.9
15.0
15.9
18.3
19.6
13.0
19.7
16.4
20.6
10.7
7.8
7.2
6.0
5.6
5.8
14.2
6.0
6.8
7.5
8.8
5.8
15.2
16.5
16.6
17.2
18.1
20.5
21.0
23.2
24.0
23.3
22.5
10.9
18.7
12.8
13.0
12.9
12.3
13.6
21.0
13.8
14.9
16.3
17.3
13.8
10.5
10.7
11.1
10.7
9.4
6.1
5.5
5.2
4.6
9.8
7.0
4.4
9.2
6.8
8.2
10.4
9.2
8.7
6.7
6.2
5.6
5.6
5.4
6.0
6.8
14.8
15.7
16.8
15.3
7.7
9.3
7.7
7.8
13.4
12.8
7.1
11.2
6.3
3.8
3.5
2.5
2.6
9.4
1.6
3.3
3.8
4.6
1.9
11.6
10.6
12.6
12.0
13.4
15.8
18.5
20.1
20.7
19.9
19.6
20.5
16.5
18.1
6.6
7.6
7.8
8.3
6.6
7.8
11.5
14.1
15.5
7.0
24.2
25.2
24.5
23.0
16.0
12.3
14.4
13.9
12.3
23.7
15.0
22.6
10.3
20.1
21.1
10.6
11.0
8.2
10.7
11.5
14.0
15.9
17.9
8.5
20.8
21.6
21.2
20.9
18.5
14.6
13.9
12.9
10.8
20.2
15.4
12.0
20.0
18.8
11.7
11.5
10.9
12.8
19.2
10.2
9.4
15.1
17.4
11.2
8.0
7.9
8.1
7.9
7.4
7.2
7.9
9.0
9.0
8.9
7.6
7.9
8.0
9.2
7.8
6.4
6.0
5.3
7.3
5.8
6.1
6.6
7.2
6.0
15.7
16.8
16.9
15.4
15.1
12.0
10.9
10.7
10.1
15.2
13.2
9.2
14.5
12.7
11.5
11.7
11.0
11.4
8.9
7.8
8.2
8.4
7.7
13.6
4.8
4.7
4.6
4.6
3.9
3.6
3.7
3.3
2.9
3.7
4.0
4.0
5.3
7.8
6.5
5.8
4.1
4.0
8.6
4.4
4.6
4.9
5.2
3.6
9.9
9.0
9.6
8.1
7.3
7.1
6.7
6.3
5.6
8.6
7.3
7.7
8.0
6.8
3.7
3.3
1.9
1.0
3.4
1.3
3.3
4.1
5.6
1.1
13.9
9.4
9.4
9.6
10.3
10.7
11.1
12.2
11.9
11.9
12.9
9.2
9.7
6.0
5.9
5.9
6.8
8.1
10.8
8.0
6.6
8.9
10.0
8.6
17.2
10.3
9.7
10.3
10.5
12.0
17.3
18.9
19.4
19.0
16.4
12.8
12.7
9.0
8.8
8.3
7.9
8.2
14.4
7.4
8.0
9.4
11.3
8.1
21.3
20.7
21.9
20.7
18.7
14.8
14.1
13.4
12.7
20.7
15.9
12.7
19.6
16.2
15.0
13.2
11.4
10.3
10.9
11.6
11.6
11.8
12.5
18.6
20.2
19.8
18.8
16.6
19.7
13.2
12.1
11.3
11.1
14.1
19.4
7.8
17.8
12.4
12.2
11.3
11.4
10.4
18.1
11.2
12.4
13.5
16.3
10.2
7.7
7.7
7.8
8.3
8.2
9.4
11.1
10.8
11.2
9.8
8.4
7.7
8.9
6.9
6.4
6.0
5.8
6.2
8.0
6.4
6.8
7.4
8.2
6.3
10.5
12.2
12.3
12.1
10.7
10.6
10.4
10.1
9.8
9.8
10.8
9.8
9.8
9.6
9.6
8.0
8.0
8.0
8.1
8.8
8.8
9.0
9.3
8.5
10.5
17.7
17.1
17.2
16.6
12.1
12.9
11.4
11.6
16.7
14.6
10.9
15.7
11.3
9.8
9.5
9.4
9.2
13.6
8.6
8.4
8.4
9.7
9.0
12.4
11.8
11.7
12.0
11.9
11.7
11.9
11.9
12.6
13.1
13.0
10.9
10.9
11.0
10.6
10.2
9.5
9.2
12.6
9.5
10.5
11.5
11.1
9.3
16.6
16.1
15.9
14.9
13.9
13.1
13.1
13.2
12.8
17.0
13.1
13.1
16.3
13.7
13.1
12.3
11.3
11.4
10.3
10.4
10.4
10.6
10.6
14.3
16.5
16.5
15.8
15.1
17.4
12.9
12.5
12.2
11.8
13.6
17.4
11.9
16.9
13.1
12.9
13.1
12.5
12.0
17.2
12.2
12.8
14.8
16.1
12.2
11.5
12.1
12.5
12.5
12.3
12.7
13.6
15.7
17.3
17.9
17.5
16.8
16.1
16.8
11.8
11.4
10.6
10.6
12.0
9.8
11.2
14.2
14.9
10.8
13.7
13.3
12.6
12.1
12.1
11.8
11.4
11.3
11.1
14.3
12.1
14.2
11.3
13.3
14.2
11.6
10.9
10.7
11.5
10.3
11.0
11.7
12.7
10.5
10.8
10.6
10.6
10.8
11.2
11.1
11.6
11.8
10.2
11.4
11.0
12.0
12.4
10.9
10.9
11.0
11.2
11.2
12.2
11.2
11.4
12.1
12.5
11.1
10.8
11.4
11.4
10.4
11.9
13.0
15.7
15.2
16.4
16.0
15.6
9.3
13.5
10.1
10.2
9.4
9.9
9.9
15.8
10.3
10.8
11.9
11.9
9.2
15.8
16.2
15.6
14.5
12.7
10.8
10.4
10.8
10.0
15.8
12.4
10.9
16.6
14.9
16.8
9.4
8.8
9.3
8.8
7.6
9.2
10.4
13.8
8.4
8.9
15.1
15.7
14.1
12.9
9.4
9.3
9.3
9.3
15.3
10.9
9.6
13.1
12.8
10.5
10.0
10.2
8.9
13.5
9.1
8.6
10.1
10.7
8.5
7.7
7.8
9.0
10.1
10.7
14.5
17.6
18.9
19.4
19.3
17.7
7.3
16.5
8.0
7.2
7.0
6.7
6.7
17.2
6.8
8.4
14.8
14.9
6.7
18.3
17.1
15.7
15.4
11.7
8.3
8.7
8.1
8.6
17.4
9.0
6.9
15.8
10.7
13.8
6.7
6.6
6.3
6.4
6.0
5.6
7.1
9.9
6.2
4.9
4.2
5.4
5.7
7.0
7.3
10.1
13.6
15.3
15.9
15.1
13.8
11.4
6.8
5.6
4.8
4.1
5.1
12.7
4.4
5.7
6.1
8.8
3.3
11.6
5.2
5.8
6.5
6.7
7.6
8.3
12.2
12.9
11.5
11.1
5.1
7.0
4.9
4.7
4.8
3.0
3.4
9.1
3.3
3.8
4.9
5.8
3.3
10.9
11.2
10.1
8.2
6.2
4.0
3.6
3.1
2.8
11.7
5.1
2.1
8.0
5.8
4.0
2.7
1.9
1.8
1.7
3.1
2.5
3.2
4.1
7.5
15.8
15.2
13.7
10.6
8.8
5.3
6.6
6.9
6.1
16.4
8.3
14.7
9.1
13.0
3.0
2.4
2.0
1.7
5.8
1.9
6.9
3.1
6.5
2.1
17.1
6.0
5.9
6.8
7.1
7.4
7.9
10.7
15.0
16.1
16.4
13.4
5.9
11.8
6.0
5.9
5.7
5.7
5.8
6.0
6.8
7.3
10.1
5.7
10.8
16.4
16.3
13.9
10.0
16.3
8.5
7.2
5.9
5.0
9.3
16.2
6.1
15.5
13.6
11.0
8.6
7.3
7.4
7.6
7.6
6.6
6.7
15.4
1.3
1.6
1.3
1.0
0.7
0.2
0.2
0.3
0.4
1.3
0.5
1.5
1.3
1.3
5.0
4.7
4.5
4.4
5.0
4.2
4.1
4.0
2.1
4.3
0.0
-0.4
-0.8
-0.4
-0.3
-0.9
-0.7
-0.5
-0.8
-0.7
0.0
-0.4
-0.9
0.1
0.0
0.0
-0.4
-0.5
-0.7
-1.3
-1.3
-1.2
-0.4
-0.9
-1.4
-1.7
-0.6
-1.5
-2.3
-2.5
-2.4
-2.5
-2.5
-0.8
-2.5
-2.6
-0.3
-0.2
-0.1
-0.2
-0.3
-0.2
-0.4
-0.2
-0.2
-0.3
-0.4
-0.2
2.0
1.2
1.2
1.6
1.7
2.2
2.0
2.6
3.9
1.6
1.5
0.9
0.4
-2.6
-2.6
-2.5
-2.4
-2.3
-2.6
-1.8
-1.4
-0.8
-0.2
-2.0
5.0
3.2
3.6
2.7
3.3
2.9
2.8
4.0
4.2
5.6
5.5
2.7
4.7
3.6
3.8
4.6
4.6
4.1
5.0
3.7
4.4
4.6
4.4
3.9
4.7
5.0
4.8
5.6
4.1
3.2
3.1
3.5
3.2
4.6
3.7
3.4
4.3
4.5
4.0
2.7
2.1
2.3
2.6
3.1
3.1
3.4
3.5
4.9
5.8
5.7
4.7
3.9
4.2
3.1
4.0
3.8
3.4
6.0
4.2
6.4
3.1
5.8
6.9
2.6
2.2
1.5
1.1
2.8
2.2
2.6
4.4
1.9
2.1
4.7
2.7
2.9
3.2
3.4
3.7
4.2
4.6
4.7
4.2
3.1
4.2
3.9
3.4
3.0
2.7
2.2
2.2
2.7
2.7
2.6
2.6
4.4
12.3
11.5
10.4
9.4
8.9
9.9
9.5
8.9
8.2
13.2
9.9
12.7
8.1
12.0
11.3
6.8
6.3
5.7
4.7
4.8
4.1
1.1
1.6
12.7
10.2
9.9
10.5
10.4
10.3
9.6
9.9
9.8
9.8
9.3
9.9
10.8
8.2
11.2
8.0
8.8
8.9
9.6
11.1
9.0
8.9
9.5
11.1
9.3
5.0
5.2
5.2
4.7
5.5
5.6
5.8
7.0
7.2
6.4
4.8
5.1
4.4
9.1
8.9
9.3
9.3
8.4
4.6
6.3
6.0
4.8
4.3
8.0
8.0
7.6
7.6
7.4
7.0
4.5
4.3
4.3
3.8
8.0
4.8
3.5
7.5
7.0
6.6
6.3
5.9
5.7
5.6
5.6
5.3
5.3
5.4
7.4
7.5
7.1
6.1
6.1
7.4
6.5
6.7
6.9
7.6
6.8
6.5
6.5
3.7
5.9
5.0
3.3
2.1
1.7
2.1
2.2
1.8
2.7
3.5
7.0
7.9
8.6
8.6
8.2
8.0
8.2
8.2
8.3
7.7
8.0
7.3
8.4
5.6
5.8
8.2
8.3
8.4
8.1
7.8
6.9
6.6
5.9
5.6
7.4
9.7
9.1
8.9
8.2
8.6
8.3
8.0
8.4
9.4
9.1
8.5
10.2
8.6
8.9
8.3
8.6
8.8
8.6
8.7
8.5
8.7
8.9
8.7
10.4
10.4
11.7
11.3
10.6
10.6
12.7
10.8
10.9
11.1
10.8
10.7
11.9
9.3
11.0
9.4
8.6
8.8
8.4
11.7
6.4
8.0
10.0
10.4
6.8
12.8
10.5
10.4
10.0
9.9
9.9
10.1
10.0
10.5
12.0
12.0
12.1
10.8
12.1
11.0
11.2
11.5
11.1
11.1
11.2
11.4
11.4
11.8
11.0
9.4
11.7
10.9
10.1
8.4
10.8
7.9
7.9
7.9
7.8
8.0
10.7
10.7
10.0
9.9
9.2
8.8
9.1
9.4
10.3
10.4
10.5
10.7
10.0
11.5
10.9
9.8
8.6
8.5
8.1
8.3
7.7
8.3
11.6
8.3
11.0
7.5
8.1
7.3
7.1
7.1
7.0
9.4
6.6
6.3
6.3
7.4
7.0
12.5
6.1
6.3
6.9
7.3
8.2
8.5
9.6
11.5
12.4
5.8
12.3
9.9
11.4
8.3
7.8
7.7
6.8
8.0
6.7
6.6
8.1
9.2
6.7
7.1
11.9
11.6
10.0
4.9
11.2
5.6
5.0
4.0
4.1
6.3
11.1
5.3
10.4
5.5
5.0
5.5
5.6
11.2
5.6
5.0
7.6
9.6
5.9
8.4
0.0
0.2
0.3
0.0
0.0
0.1
1.0
4.0
5.1
9.6
9.1
5.3
7.6
5.3
5.3
5.0
4.6
5.4
5.2
5.8
6.6
7.4
5.3
0.2
2.3
2.4
1.7
-0.3
1.6
-1.7
-2.6
-3.4
-2.7
-0.4
0.1
-0.3
-0.9
-1.5
-1.5
-1.5
-1.9
-1.5
-1.2
-1.6
-1.7
-0.7
-0.6
-2.8
-2.6
-2.7
-2.9
-3.0
-3.7
-3.6
-3.6
-3.7
-2.7
-3.3
-2.9
-3.1
-3.2
-3.3
-3.5
-3.3
-3.0
-4.2
-3.7
-3.7
-3.4
-3.2
-2.8
1.5
0.0
-0.1
0.4
1.4
1.6
1.3
1.3
1.9
1.9
1.0
0.1
0.3
-3.6
-3.6
-3.6
-3.5
-2.4
0.7
-1.9
-1.1
-0.8
0.4
-1.2
5.8
6.4
6.7
6.0
4.0
3.4
2.2
2.5
2.8
6.0
3.0
3.2
4.8
3.1
2.3
0.7
0.5
0.5
0.5
0.4
0.4
0.3
0.3
3.9
6.7
5.5
4.5
4.3
8.0
4.3
4.5
4.3
4.1
4.3
7.9
7.4
6.7
1.9
2.3
1.7
1.5
2.9
2.8
2.0
3.8
5.9
6.7
2.5
4.7
3.6
3.9
4.3
4.8
4.8
4.3
4.1
4.4
4.6
5.1
2.5
4.9
4.3
4.3
4.0
3.1
3.3
5.0
4.3
4.2
4.6
4.9
3.7
6.1
6.3
5.3
4.2
2.9
1.8
1.9
1.6
2.7
5.3
2.7
4.1
5.0
3.5
2.1
-0.7
-0.2
0.6
-0.3
0.3
1.1
1.1
1.8
4.3
2.2
2.6
2.3
1.9
1.1
0.9
0.9
1.1
1.0
2.0
1.1
1.3
3.8
3.4
1.8
3.6
3.0
2.3
1.8
3.4
1.5
3.0
3.4
1.7
-0.2
0.5
-0.2
-0.1
0.3
0.0
0.1
0.1
0.4
0.8
0.5
0.1
0.8
0.7
0.5
0.1
0.1
0.4
0.6
0.6
0.7
0.8
0.9
0.5
1.2
0.7
0.0
-0.5
0.9
0.2
0.1
0.1
-0.1
1.0
-0.1
0.3
-0.9
-0.2
-0.6
-0.9
-0.9
-0.9
-0.7
-0.5
-0.3
-0.3
-0.3
-0.4
4.6
7.0
6.2
5.2
3.5
8.1
4.2
4.0
4.9
4.9
3.4
7.1
0.3
5.1
1.3
2.6
1.0
2.2
5.9
1.3
1.7
2.7
4.1
1.4
8.9
4.6
4.5
4.9
4.4
4.6
4.8
5.6
7.0
8.0
9.0
4.8
7.0
5.1
5.6
6.6
6.2
5.8
8.1
6.2
6.0
5.3
5.4
6.2
3.5
3.7
3.6
3.4
3.3
3.0
2.8
2.6
2.1
3.2
3.1
2.2
2.9
3.0
3.8
4.2
4.4
4.8
5.6
4.8
4.9
5.2
5.1
3.0
4.4
3.3
2.7
2.7
4.6
3.2
3.6
3.4
3.4
2.8
4.1
4.1
2.0
2.5
1.6
1.5
0.5
0.1
1.6
2.0
1.7
1.7
2.2
3.7
7.1
7.5
7.2
7.0
7.2
6.7
6.9
7.1
7.3
6.9
7.0
6.9
6.9
6.8
4.1
4.7
5.0
5.1
3.6
5.6
5.5
5.7
6.4
5.2
10.2
9.1
8.8
8.7
7.8
8.0
8.2
7.9
9.6
7.5
8.3
9.7
7.4
9.4
8.1
6.9
7.5
7.4
7.3
7.1
7.1
7.2
7.3
9.3
4.5
7.6
6.9
5.6
4.3
7.3
3.6
3.4
3.2
3.9
4.2
7.3
7.4
6.2
6.8
5.9
5.9
5.1
7.3
5.6
5.2
5.3
5.8
5.4
12.7
6.6
6.5
7.4
9.3
9.9
10.2
10.2
10.8
11.7
14.5
14.1
4.0
13.9
3.8
3.0
4.2
4.2
3.8
4.5
6.6
11.6
13.7
3.4
7.3
8.0
8.1
7.7
6.8
7.9
6.4
6.2
6.0
6.0
6.6
8.0
6.6
7.2
6.4
6.1
6.2
6.3
6.1
6.1
6.2
6.2
6.7
8.1
5.3
4.7
4.6
4.9
5.2
1.7
3.0
2.3
2.1
5.7
4.7
5.8
5.3
5.5
5.2
5.1
5.0
4.9
5.3
4.6
4.1
3.9
4.3
4.7
4.3
5.3
4.6
4.5
4.3
4.1
3.4
4.1
4.2
4.3
5.6
3.7
2.7
3.5
1.1
1.0
0.8
0.8
0.4
0.7
0.9
1.1
1.7
0.7
2.0
3.2
3.3
3.4
2.8
3.1
2.1
2.4
2.0
2.1
2.7
3.3
5.3
3.9
3.8
4.3
5.0
5.9
5.9
5.9
5.9
5.7
5.5
3.3
2.9
1.6
1.0
0.3
0.5
-0.2
0.3
0.0
-0.1
2.3
0.4
1.2
1.6
1.0
1.6
1.3
0.6
0.9
1.7
1.0
1.1
0.8
0.6
0.6
0.4
-3.4
-3.3
-3.2
-2.5
-1.7
-1.4
-0.8
0.3
0.3
0.0
-2.5
-0.2
-0.2
-0.1
-0.3
-0.6
-0.6
-0.1
-0.8
-0.9
-0.7
-0.7
-0.9
4.2
-1.8
-0.9
0.4
0.7
1.1
1.3
2.7
2.8
5.1
4.9
-2.2
-0.1
-2.8
-3.1
-3.4
-3.6
-3.9
3.0
-3.9
-3.2
-2.7
-0.4
-3.9
1.7
1.9
1.8
1.6
1.4
0.2
-0.9
-0.5
-0.3
2.2
1.0
-0.6
0.6
-0.2
-1.8
-2.0
-2.2
-1.0
-1.4
-2.1
-0.7
-1.9
-2.7
1.5
-1.5
-2.5
-3.0
-3.4
-1.6
-4.0
-4.2
-4.6
-5.0
-3.4
-1.9
-5.3
-2.3
-0.2
0.0
0.1
-0.2
0.0
-2.1
-1.9
-2.0
-1.4
-2.1
-0.7
4.5
3.7
2.9
1.2
1.2
1.4
1.1
0.8
0.8
0.8
1.3
4.6
-3.1
-5.7
-6.0
-6.0
-6.5
-6.7
0.9
-7.6
-6.9
-6.3
-3.0
-7.5
2.5
2.3
2.4
2.2
1.7
1.3
1.1
0.6
0.9
3.6
1.2
0.6
3.9
3.5
3.5
5.2
5.8
5.1
5.0
4.4
4.0
3.8
3.7
4.6
-1.5
2.5
3.4
2.5
1.3
-0.4
-0.4
-0.8
-1.0
2.0
-0.3
-1.3
1.7
1.3
0.8
0.8
0.8
0.8
1.6
0.3
0.3
-0.1
0.2
0.6
4.6
4.1
4.0
4.1
4.2
3.8
3.6
3.2
3.1
3.8
4.1
4.0
2.7
-0.4
-1.0
-1.2
-0.4
-0.4
3.0
-0.6
-0.9
0.8
1.8
-0.7
5.0
5.0
4.8
3.4
2.9
1.9
1.7
1.2
0.9
4.8
2.1
0.8
4.7
3.6
3.9
4.1
4.0
4.2
4.3
4.2
4.1
4.0
4.0
3.5
3.5
2.8
2.8
2.6
3.3
1.7
1.6
2.1
2.1
1.5
3.1
2.5
3.4
0.9
0.9
0.3
0.1
0.7
3.4
0.8
0.6
0.6
1.5
0.7
5.6
7.2
7.4
7.1
6.7
6.6
6.8
6.9
6.6
6.1
5.5
7.2
5.6
1.6
2.1
1.9
2.5
3.1
5.8
4.4
4.4
4.8
5.0
4.0
10.2
9.9
9.6
8.6
8.1
7.3
6.6
6.5
6.8
9.1
7.7
6.6
9.0
7.3
7.2
7.0
7.1
6.9
7.0
7.1
7.2
7.0
7.1
8.2
8.7
8.4
7.9
7.5
7.4
5.0
6.7
6.1
5.4
9.1
7.1
9.5
8.8
7.4
6.7
6.4
5.8
4.7
6.8
5.8
6.0
6.1
6.4
5.6
6.7
1.8
2.5
2.9
4.1
4.8
6.0
6.4
6.6
6.7
6.6
6.6
5.8
6.5
5.8
6.0
6.0
5.8
6.2
5.9
5.8
5.9
6.1
5.8
-1.0
5.6
5.9
2.9
-0.5
5.0
-1.9
0.8
-1.1
2.1
-1.6
3.9
0.7
1.3
0.4
-4.5
-4.2
-4.2
-3.5
-2.1
-1.6
-0.4
0.6
3.0
10.9
10.4
6.6
5.2
4.9
5.1
5.5
5.9
5.8
11.0
6.0
11.0
1.6
9.9
0.5
1.2
1.8
0.7
11.6
2.1
3.6
4.6
6.4
0.6
13.5
2.4
3.6
3.6
5.3
5.4
5.7
5.7
8.0
9.9
12.6
11.8
4.6
12.0
5.4
4.1
4.8
5.1
3.9
4.7
5.3
9.3
11.5
5.0
-1.2
2.7
1.5
0.2
-2.2
2.3
-0.7
-0.9
-1.3
-1.8
-1.1
1.2
1.8
0.7
0.5
-1.0
-1.0
-0.6
-0.4
-0.9
-0.1
0.8
2.3
0.4
0.6
0.9
-0.6
-4.5
-2.7
-4.3
-2.7
-3.6
-3.9
-0.5
-3.4
-1.4
-3.3
-2.0
-3.5
-3.6
-3.4
-3.2
-2.8
-2.5
-2.6
-2.2
-2.0
0.0
-0.2
-0.5
-0.8
-1.3
-2.5
-2.2
-2.4
-2.5
0.1
-2.1
0.9
-1.6
1.3
-1.4
1.1
-0.1
-3.4
-0.1
-1.4
-4.5
-4.5
-5.0
-5.1
0.4
2.8
1.9
1.6
1.2
1.5
0.6
0.4
1.6
5.1
0.5
5.1
-2.6
2.4
1.1
1.2
0.2
-1.7
-3.5
-3.3
-2.9
-2.7
1.3
3.0
0.0
